MEME version 4

ALPHABET= ACGT

strands: + -

Background letter frequencies
A 0.25 C 0.25 G 0.25 T 0.25


MOTIF MA2182.1 nfi-1
letter-probability matrix: alength= 4 w= 15 nsites= 99 E= 0
 0.000000  0.464646  0.000000  0.535354
 0.000000  0.282828  0.101010  0.616162
 0.000000  0.000000  1.000000  0.000000
 0.060606  0.060606  0.878788  0.000000
 0.000000  0.878788  0.000000  0.121212
 0.939394  0.000000  0.060606  0.000000
 0.551020  0.306122  0.071429  0.071429
 0.428571  0.071429  0.071429  0.428571
 0.071429  0.071429  0.306122  0.551020
 0.000000  0.060606  0.000000  0.939394
 0.121212  0.000000  0.878788  0.000000
 0.000000  0.878788  0.060606  0.060606
 0.000000  1.000000  0.000000  0.000000
 0.600000  0.100000  0.300000  0.000000
 0.535354  0.000000  0.464646  0.000000
URL http://jaspar.genereg.net/matrix/MA2182.1
